Run 1:
Camera matrix:
[[606.26554137   0.         415.31641395]
 [  0.         607.10395103 295.76774308]
 [  0.           0.           1.        ]]
Distance coefficients:
 [[ 0.18770466 -0.99778665  0.00276223  0.0097      1.15146882]]
total error: [0.00107222 0.00099587 0.00128685 0.00125203 0.00334888 0.0015844
 0.00419991 0.00330297 0.00199232 0.00191592 0.0027501  0.0017457
 0.00572216 0.00305284 0.0017398  0.00323415 0.00408773 0.00518066
 0.00243776 0.00652554 0.00277279 0.0182071  0.00455646 0.00072668
 0.00492158 0.01844002 0.02397266]
Run 2:
Camera matrix:
[[605.1288795    0.         401.12247051]
 [  0.         605.82548929 295.89754675]
 [  0.           0.           1.        ]]
Distance coefficients:
 [[ 2.23662333e-01 -1.11571953e+00 -1.89967760e-03 -3.07519886e-04
   1.61217356e+00]]
total error: [0.00119792 0.00176503 0.00295293 0.00174023 0.00441922 0.00196149
 0.00272017 0.0020723  0.00373517 0.00349868]
Run 3:
Camera matrix:
[[597.57961722   0.         404.7300475 ]
 [  0.         599.60535147 303.48877976]
 [  0.           0.           1.        ]]
Distance coefficients:
 [[ 2.09472260e-01 -9.91090570e-01 -1.48596679e-03  2.94680598e-04
   1.35938027e+00]]
total error: [0.00316036 0.00423438 0.00456702 0.00433291 0.00576291]
